0000011100000111000000000
0000000000000000000000000
0001100000000000000000000
0000000000000000000000000
0000000000001110000000000
0000000000000111000000000
0000000000000000000000000
0000000000000000000000000
0000000000000000000000000
0000000000000000000000000
0000000000111000000000000
0000000000000000000000000
0000000000000000000000000
0000000000000000000000000
0000000000000000000000000
0000000000000000111000000
0000000000000000000000000
0000000000000000000000000
0000000000000000000000000
0000000111000000000000000
0000000000000000000000000
0000000000000000000000000
0000000000000000000000000
0000000000000000000000000
0000000000000000000000000